# Kata on L0 (kata->idle=poll; )
## 1 memcached thread; 26 mutilate threads; 5 free cores
#type       avg     std     min      p5     p10     p50     p67     p75     p80     p85     p90     p95     p99    p999   p9999     QPS   target
read      238.6   216.4    63.8   133.2   153.6   228.4   255.6   271.4   282.5   294.4   311.4   338.6   428.2  2252.7  9972.1    979.8     1000
read      285.0   176.9    59.1   118.7   163.8   279.5   317.2   338.3   353.6   371.7   395.6   431.5   518.7  1529.2  9395.6   3001.4     3000
read      313.9   146.6    54.7   109.8   165.1   317.2   358.9   381.3   398.2   417.7   439.7   473.2   569.5  1085.5  6653.6   5018.8     5000
read      382.0   233.1    59.1   120.6   170.8   374.6   436.9   469.4   495.2   525.2   563.3   623.9   805.3  3129.5  6201.3   7010.2     7000
read      403.6   269.7    54.7   121.7   175.4   391.0   465.9   503.2   529.8   560.3   600.0   663.2   829.0  3278.3  8508.7   9131.2     9000
read      402.1   241.5    54.7   119.3   166.6   385.9   466.1   510.5   539.1   572.3   615.7   686.5   942.3  3318.9  7244.9  11000.4    11000
read      450.8   348.5    54.7   119.5   170.8   428.4   520.0   560.8   588.5   622.2   665.4   736.0  1290.1  4577.2  7353.8  13136.6    13000
read      472.2   325.0    54.7   127.1   183.4   453.3   557.4   607.4   640.4   679.3   727.6   800.3  1105.2  3605.9  7502.3  14953.6    15000
Warning! Detected max cpu usage > 95%
CPU Usage Stats (avg/min/max): 75.59%,26.74%,100.00%

## 1 memcached thread; 27 mutilate threads; 4 free cores
#type       avg     std     min      p5     p10     p50     p67     p75     p80     p85     p90     p95     p99    p999   p9999     QPS   target
read      207.4   116.4    59.1   114.0   131.2   196.0   221.2   234.4   245.3   258.1   275.9   308.2   488.1  1372.8  3441.8    995.8     1000
read      261.1   191.0    54.7   114.5   143.9   245.6   289.4   311.8   326.9   344.8   368.7   407.6   517.8  3179.3  6946.8   3024.4     3000
read      323.2   238.5    59.1   116.2   158.6   307.3   360.4   388.7   407.7   429.9   458.0   503.3   770.9  3484.2  7038.8   5046.2     5000
read      358.5   223.2    54.7   118.3   168.8   348.9   403.8   436.0   458.3   483.7   516.8   579.0   803.5  3958.2  5102.5   7130.0     7000
read      384.7   280.3    59.1   115.7   163.0   373.5   438.9   477.3   500.9   527.6   559.5   615.5   842.4  4469.4  6950.3   8925.0     9000
read      407.2   273.1    54.7   122.2   169.3   395.4   473.5   515.1   540.0   568.5   602.7   661.9   834.8  3979.7  7203.6  11125.0    11000
read      450.3   319.2    50.7   127.7   179.1   433.6   524.3   564.7   589.7   620.6   659.0   724.1  1251.6  5343.9  6424.2  13088.0    13000
read      495.1   391.8    54.7   128.2   184.6   463.3   570.1   615.3   644.3   680.1   727.8   809.2  2038.1  6094.8  6958.8  15105.8    15000

## 1 memcached thread; 28 mutilate threads; 3 free cores
#type       avg     std     min      p5     p10     p50     p67     p75     p80     p85     p90     p95     p99    p999   p9999     QPS   target
read      230.2   168.5    59.1   119.0   136.6   211.2   243.8   261.0   273.4   289.5   312.7   357.4   624.3  2726.7  4337.9    988.6     1000
read      319.0   423.2    59.1   119.1   146.4   267.5   322.0   351.2   371.7   398.2   433.4   502.6  1612.1  5849.3  8609.5   2984.2     3000
read      342.3   402.0    54.7   116.5   151.2   299.9   367.8   403.5   428.0   456.6   494.0   550.4   830.1  6289.2  8890.6   4959.4     5000
read      413.7   334.9    54.7   126.3   169.6   373.5   466.9   515.7   548.5   586.2   632.8   704.0  1455.4  5579.4  7200.5   6970.0     7000
read      467.9   366.5    59.1   132.1   180.4   429.3   548.9   601.1   633.1   669.3   713.5   784.7  1435.8  5660.8  6082.0   9039.0     9000
read      504.3   392.5    54.7   132.0   187.6   470.4   593.6   649.2   687.1   729.7   779.7   856.0  1364.4  5770.2  7504.3  10989.4    11000
read      538.5   385.9    54.7   142.3   202.2   507.6   634.1   691.6   730.9   776.0   833.0   921.8  1486.3  5770.4  7566.0  13106.4    13000
read      588.1   433.6    54.7   151.1   219.9   558.1   681.4   745.0   790.6   840.0   898.0   989.1  1988.8  5977.2 10614.2  15126.2    15000
Warning! Detected max cpu usage > 95%
CPU Usage Stats (avg/min/max): 76.16%,49.96%,100.00%

## 1 memcached thread; 29 mutilate threads; 2 free cores
#type       avg     std     min      p5     p10     p50     p67     p75     p80     p85     p90     p95     p99    p999   p9999     QPS   target
read      196.7   158.4    59.1    99.6   110.3   170.5   203.4   224.3   239.0   259.8   286.2   327.8   513.1  2512.5  3662.7   1017.2     1000
read      271.4   302.3    59.1   105.8   131.5   233.6   280.4   309.8   331.3   357.3   391.7   448.9   889.1  6046.4  6419.6   3009.4     3000
read      320.2   376.4    50.7   103.5   137.3   270.4   338.3   377.8   405.0   438.3   485.8   574.6   955.7  5226.3 11182.8   5004.6     5000
read      381.4   511.3    54.7   106.6   143.6   306.4   388.8   437.5   469.0   507.6   564.3   682.5  2274.8  6136.3 16521.2   6980.6     7000
read     4254.9  4448.3    46.9   111.8   152.9  4075.0  4357.5  7397.5  7828.6  8128.9 10551.5 12688.2 19789.8 28062.9 30087.0   9056.6     9000
read     3890.5  4200.7    46.9   109.3   144.5  2337.9  4321.3  6215.4  7746.5  8067.5  9305.2 12550.2 16104.5 24656.2 31997.9  10900.2    11000
read     3737.6  4333.4    46.9   109.4   140.6  1658.4  4275.1  5951.2  7713.6  8014.4  9031.4 12635.1 16407.3 24824.6 25987.3  13045.0    13000
read     3551.8  4592.8    46.9   108.5   137.6  1184.8  4149.3  5138.1  7640.1  8019.9 11733.8 12695.1 19770.3 27917.8 32086.9  15005.8    15000
Warning! Detected max cpu usage > 95%
CPU Usage Stats (avg/min/max): 75.71%,37.25%,100.00%

## 1 memcached thread; 30 mutilate threads; 1 free cores
#type       avg     std     min      p5     p10     p50     p67     p75     p80     p85     p90     p95     p99    p999   p9999     QPS   target
read      209.7   497.9    63.8    95.2   108.2   159.8   187.1   208.3   226.1   249.8   279.1   339.7   640.5  9553.9 17071.9   1016.2     1000
read     6879.2  4733.4    50.7   239.4   404.8  5523.7  9235.0  9852.8 11052.4 12467.1 13147.6 14755.6 17386.3 25064.3 39222.6   3051.2     3000
read     8000.0  5032.1    50.7   230.3   738.9  7987.6 10026.0 12181.0 12510.1 12839.1 13627.4 15838.3 23999.7 28720.4 35406.1   5063.0     5000
read     8296.8  5763.4    50.7   144.5   328.7  8246.0 12052.5 12684.7 13116.9 13601.3 15255.6 17014.5 24791.0 34221.4 37478.2   7005.6     7000
read     7363.4  5573.9    50.7   119.5   183.6  7654.2 10405.8 12238.0 12487.1 12736.3 13500.9 15891.9 24232.2 28645.7 41508.5   8909.2     9000
read     7333.9  5885.3    46.9   109.8   153.6  7642.9  8969.3 12083.2 12403.2 12723.2 14527.0 16232.8 25622.3 32345.7 40391.7  10965.2    11000
read     6816.2  5593.7    46.9   107.8   140.1  7598.6  8352.3 12030.1 12302.4 12574.6 12846.9 15754.2 24364.0 29827.2 38039.9  12879.0    13000
read     6414.1  5690.1    50.7   108.5   138.1  6235.9  8085.4 11997.9 12281.7 12565.6 12849.4 15614.3 21697.2 35121.6 39017.1  14718.3    15000
Warning! Detected max cpu usage > 95%
CPU Usage Stats (avg/min/max): 75.72%,45.31%,100.00%

## 1 memcached thread; 31 mutilate threads; 0 free cores
#type       avg     std     min      p5     p10     p50     p67     p75     p80     p85     p90     p95     p99    p999   p9999     QPS   target
read     5904.6  5620.2    46.9   104.3   119.4  7058.3 11217.1 11454.5 11602.9 11751.3 11899.6 12688.0 16230.5 25366.3 27091.3   1020.0     1000
read      232.8   706.6    59.1    90.3   109.9   169.2   192.8   207.2   218.5   232.6   252.9   297.3  1032.3 15231.6 16166.4   3000.6     3000
read     9253.2  5091.5    50.7   197.6   492.8 11472.0 12124.3 12386.4 12550.3 12714.1 12877.9 15682.1 22785.9 30936.4 39564.1   4963.8     5000
read    10147.0  5455.0    50.7   220.8   807.6 11730.2 12880.9 13304.9 13566.3 13827.6 15593.8 17236.1 26955.5 34002.1 48292.4   6909.0     7000
read    10989.2  3426.6    46.9  4397.8  7424.4 12151.5 12471.6 12622.2 12716.4 12810.5 12904.6 15633.8 23290.1 31273.5 42786.7   8885.8     9000
read     9988.6  4555.5    46.9   153.9   806.6 12133.3 12451.4 12601.1 12694.7 12788.2 12881.8 15482.6 20223.5 29691.2 43399.1  10791.8    11000
read     7272.2  5813.4    46.9   102.0   130.3  7820.7 12026.8 12308.4 12484.4 12660.5 12836.5 15582.3 24540.5 30510.8 37290.8  12897.0    13000
read     6834.7  5895.4    46.9   101.0   124.8  7682.8 11801.2 12259.6 12459.4 12659.3 12859.2 15730.4 23728.5 30324.4 39978.7  14863.0    15000
Warning! Detected max cpu usage > 95%
CPU Usage Stats (avg/min/max): 84.45%,41.52%,100.00%

## 1 memcached thread; 32 mutilate threads; -1 free cores
#type       avg     std     min      p5     p10     p50     p67     p75     p80     p85     p90     p95     p99    p999   p9999     QPS   target
read    10260.4  3842.2    68.9  5572.0  5749.6  9914.9 10207.3 12256.7 12690.0 13274.1 15089.2 16073.7 24887.9 29215.4 39810.9   1007.4     1000
read     9762.9  4550.1    50.7  1126.6  4214.7  9915.1 12162.3 12560.3 12809.1 13338.2 15111.9 16047.8 24614.1 29993.5 57679.0   3027.8     3000
read     9851.9  4893.7    46.9   732.0  2956.0  9976.9 12331.1 12683.5 12903.7 13744.5 15512.0 16204.8 24956.5 31436.3 41230.3   4919.0     5000
read     9589.4  5046.5    46.9   255.7   908.3 11453.4 12354.7 12572.8 12709.1 12845.5 14654.5 15969.2 25044.4 31549.2 42895.0   7052.6     7000
read     9358.6  5214.8    46.9   152.8   471.1 12000.9 12384.3 12564.7 12677.5 12790.2 12903.0 15850.1 24943.4 30182.1 40697.3   8957.0     9000
read     8142.8  5617.0    46.9   119.8   166.0  8485.0 12214.5 12437.8 12577.3 12716.9 12856.4 15613.8 24673.4 31157.3 51502.5  10923.0    11000
read    10293.0  4766.2    54.7   157.7  1140.5 12180.3 12502.9 12654.7 12749.5 12844.4 14557.8 15917.8 24980.4 30035.3 40422.3  11838.2    13000
read    10826.4  4352.8    54.7   248.2  4601.7 12244.2 12555.3 12701.7 12793.2 12884.8 15293.8 15977.8 24830.8 31951.0 42197.8  11697.4    15000
Warning! Detected max cpu usage > 95%
CPU Usage Stats (avg/min/max): 86.08%,47.22%,100.00%


# Kata on L1:
## 1 memcached thread; 22 mutilate threads; 6 free cores L1; 3 free cores L0
CPU Usage Stats (avg/min/max): 95.94%,12.76%,100.00%
#type       avg     std     min      p5     p10     p50     p67     p75     p80     p85     p90     p95     p99    p999   p9999     QPS   target
read      207.9    75.7    68.9   112.3   124.8   193.0   233.8   253.5   267.7   286.0   310.8   345.7   431.8   566.7   674.8    968.8     1000
read      294.2   213.4    68.9   131.1   155.2   275.1   329.3   361.9   384.1   409.9   439.4   487.2   578.4  2350.1  6407.0   3013.4     3000
read      370.0   178.3    63.8   144.7   178.5   360.0   437.4   475.8   502.5   533.4   571.6   627.1   738.1  1064.1  6014.2   4970.8     5000
read      401.4   172.3    63.8   139.3   177.5   397.3   474.0   513.5   542.0   577.3   624.6   697.0   851.3  1086.2  1511.8   7010.2     7000
read      504.7   283.8    63.8   153.4   198.8   473.4   594.7   664.1   713.7   768.3   836.0   929.7  1132.7  3681.9  5060.9   9075.4     9000
read      560.7   279.2    68.9   169.7   219.3   530.5   667.5   746.6   803.0   867.8   947.2  1061.3  1277.8  1556.8  2760.4  10962.0    11000
read      627.8   323.7    68.9   177.1   237.9   588.0   747.1   839.7   905.4   979.1  1070.3  1225.6  1480.4  1814.3  3145.3  13096.4    13000
read      677.4   360.2    68.9   178.1   247.0   633.3   810.8   912.3   982.6  1063.9  1178.7  1324.9  1588.5  2129.0  4515.1  15053.4    15000
Warning! Detected max cpu usage > 95%
CPU Usage Stats (avg/min/max): 91.68%,70.06%,100.00%

## 1 memcached thread; 23 mutilate threads; 5 free cores L1; 3 free cores L0
#type       avg     std     min      p5     p10     p50     p67     p75     p80     p85     p90     p95     p99    p999   p9999     QPS   target
read      225.6    90.2    74.4   119.5   132.6   217.0   253.7   276.3   290.7   308.0   329.8   363.1   432.8   523.1  3143.8    982.2     1000
read      303.7   114.7    68.9   134.9   157.0   299.2   348.2   374.4   393.5   416.4   447.2   497.0   612.1   747.9  1493.5   3019.2     3000
read      408.2   258.2    68.9   141.8   179.0   379.0   464.2   513.5   556.3   601.6   657.1   735.0   895.2  3524.3  8212.1   5033.2     5000
read      494.3   247.5    74.4   153.7   206.9   469.5   584.2   646.2   692.6   743.4   804.1   896.9  1088.9  2171.2  2370.7   6970.3     7000
read      565.5   276.9    68.9   164.2   223.3   539.9   678.1   753.7   806.1   867.1   935.9  1041.4  1251.6  1825.4  3373.5   8974.2     9000
read      572.3   281.6    63.8   153.6   214.3   547.3   693.8   774.6   828.1   886.5   960.9  1066.2  1259.6  1485.5  2112.6  10967.8    11000
read      595.5   375.7    63.8   157.9   212.1   562.2   700.4   778.2   837.1   907.9  1001.7  1147.0  1456.4  2452.5 12335.6  12973.6    13000
read      700.3   484.9    68.9   172.4   243.6   651.5   835.9   933.7  1004.9  1087.7  1188.0  1351.5  1649.6  3510.0 15930.4  15088.6    15000
Warning! Detected max cpu usage > 95%
CPU Usage Stats (avg/min/max): 91.21%,66.21%,100.00%

## 1 memcached thread; 24 mutilate threads; 4 free cores L1; 3 free cores L0
#type       avg     std     min      p5     p10     p50     p67     p75     p80     p85     p90     p95     p99    p999   p9999     QPS   target
read      226.9    99.2    74.4   118.6   132.0   216.3   253.9   275.0   289.2   305.5   326.9   363.3   459.7  1509.2  2341.4   1030.2     1000
read      316.8   123.4    68.9   133.9   163.2   304.7   361.3   393.7   417.3   445.4   481.2   539.1   653.7   839.5  1069.7   3007.0     3000
read      367.4   167.8    68.9   138.8   175.2   350.9   425.9   468.2   499.8   534.5   577.8   639.7   778.8   941.4  1086.2   5004.2     5000
read      441.0   201.0    74.4   148.5   197.0   424.0   523.7   578.8   616.5   658.0   710.7   786.2   929.3  1141.3  1462.9   6967.8     7000
read      558.0   263.9    80.4   173.7   233.3   533.1   672.2   743.2   796.5   854.4   923.9  1025.2  1214.9  1435.4  1613.1   8974.0     9000
read      659.9   339.6   101.3   192.1   251.4   628.0   797.9   888.3   950.7  1022.6  1112.8  1247.2  1522.7  2384.6  3763.3  11058.6    11000
read      688.8   358.0    68.9   182.3   258.0   647.8   836.4   936.5  1006.3  1087.7  1182.9  1323.0  1581.3  1963.3  3195.7  13107.7    13000
read      764.6   403.2    80.4   200.6   275.3   723.6   932.2  1046.0  1124.6  1214.6  1326.1  1474.6  1767.5  2352.7  3214.8  15062.8    15000
Warning! Detected max cpu usage > 95%
CPU Usage Stats (avg/min/max): 75.72%,7.86%,100.00%

## 1 memcached thread; 25 mutilate threads; 3 free cores L1; 3 free cores L0
#type       avg     std     min      p5     p10     p50     p67     p75     p80     p85     p90     p95     p99    p999   p9999     QPS   target
read      230.2    72.0    74.4   122.9   138.6   228.2   259.4   275.3   288.9   303.6   320.3   357.5   426.3   555.0   624.5    982.4     1000
read      319.7   127.1    93.8   150.9   174.6   304.6   362.7   394.8   418.1   444.8   478.2   529.4   650.1   883.5  2559.7   3012.6     3000
read      403.0   175.5    74.4   158.9   193.3   382.2   468.8   515.4   548.9   588.6   637.8   714.2   868.3  1233.4  1723.8   4977.0     5000
read      488.3   312.2    93.8   172.7   213.5   455.1   574.3   635.0   678.7   728.6   788.4   869.5  1044.8  4003.7  7965.5   6943.2     7000
read      559.6   269.7    86.8   180.4   231.1   530.0   674.9   751.5   804.2   862.4   933.6  1039.9  1237.2  1520.9  1739.4   9093.2     9000
read      567.1   274.7    86.8   175.7   229.1   538.4   691.3   769.2   820.5   878.9   948.4  1049.6  1246.8  1473.4  1692.8  10994.6    11000
read      626.2   311.7   101.3   181.9   239.4   596.8   766.0   853.0   913.8   982.6  1063.7  1172.1  1384.4  1626.6  1843.9  13101.8    13000
read      740.0   397.1   109.4   202.5   268.7   690.4   900.2  1009.1  1086.3  1178.6  1306.0  1459.6  1720.6  2153.7  5575.6  15162.7    15000
Warning! Detected max cpu usage > 95%
CPU Usage Stats (avg/min/max): 75.02%,3.25%,100.00%

## 1 memcached thread; 26 mutilate threads; 2 free cores L1; 3 free cores L0
#type       avg     std     min      p5     p10     p50     p67     p75     p80     p85     p90     p95     p99    p999   p9999     QPS   target
read      276.0   157.8    93.8   156.0   175.6   263.6   293.1   312.2   326.4   343.0   366.0   404.1   560.3  1181.4  4987.7    994.8     1000
read      312.5    99.9    86.8   165.9   193.6   304.1   349.5   373.7   392.4   413.6   439.5   482.4   576.0   806.5  1280.7   2970.2     3000
read      406.2   323.8   118.1   185.2   221.7   385.8   453.0   488.4   512.2   542.9   583.4   646.4   800.0  3667.9 22254.5   5008.6     5000
read      445.9   260.7   101.3   163.1   198.4   423.9   525.0   578.0   615.2   657.0   709.2   789.6   959.0  2104.4  3153.9   7054.8     7000
read      476.8   353.5   109.4   179.9   228.6   452.8   542.4   586.2   617.1   652.5   701.0   788.3  1039.0  7186.6  7532.1   8959.9     9000
read      580.8   546.1   101.3   175.2   223.2   515.9   647.8   723.4   776.3   837.5   913.5  1047.2  1505.1  8454.7 10811.1  11084.0    11000
read      602.6   301.3   101.3   178.1   229.5   574.7   734.6   815.7   869.9   932.1  1022.2  1146.8  1363.1  1588.5  1741.3  13111.4    13000
read      538.9   213.4   109.4   200.9   263.2   530.6   645.4   700.5   737.7   778.4   825.1   891.3  1025.1  1211.8  1367.0  15012.6    15000
Warning! Detected max cpu usage > 95%
CPU Usage Stats (avg/min/max): 75.53%,6.00%,100.00%

## 1 memcached thread; 27 mutilate threads; 1 free cores L1; 3 free cores L0
#type       avg     std     min      p5     p10     p50     p67     p75     p80     p85     p90     p95     p99    p999   p9999     QPS   target
read      284.0    70.7   118.1   181.5   196.7   276.1   303.9   320.3   335.5   353.0   375.8   413.3   496.4   620.3   989.4   1036.6     1000
read      329.8   180.3   118.1   183.0   206.4   316.2   361.9   387.9   406.9   432.5   466.0   517.6   625.9   828.2  1009.0   3010.8     3000
read      389.1   138.4   118.1   192.3   223.2   376.1   438.3   470.4   494.9   526.1   570.3   633.4   772.1  1008.7  2297.5   5047.8     5000
read      433.9   164.1   109.4   188.7   230.1   423.4   501.2   540.6   568.2   598.5   639.4   711.3   886.8  1158.2  1485.7   6990.2     7000
read      479.9   190.5   109.4   191.2   240.6   470.7   561.9   604.9   635.3   675.5   726.6   807.5   998.4  1249.5  1451.0   9091.2     9000
read      521.6   220.2   109.4   194.6   248.7   508.1   617.4   669.6   705.8   747.8   802.6   893.0  1127.3  1402.4  1742.4  11049.8    11000
read      551.2   240.8   118.1   197.5   255.8   531.5   655.3   711.7   749.3   796.5   856.2   958.6  1251.9  1572.1  1772.0  13049.8    13000
read      590.1   321.7   118.1   197.1   258.5   559.4   698.5   762.9   806.0   855.6   920.1  1041.2  1410.2  3025.1  7675.3  15012.8    15000
Warning! Detected max cpu usage > 95%
CPU Usage Stats (avg/min/max): 83.20%,35.01%,100.00%

## 1 memcached thread; 28 mutilate threads; 0 free cores L1; 3 free cores L0
#type       avg     std     min      p5     p10     p50     p67     p75     p80     p85     p90     p95     p99    p999   p9999     QPS   target
read      376.9  1242.3   101.3   175.0   192.0   267.6   293.5   309.6   320.7   337.9   362.9   406.6   639.9 16599.3 17474.6   1000.2     1000
read      453.4  1295.6   101.3   178.8   203.4   320.8   371.5   401.7   426.1   456.8   498.5   581.9  1433.1 16976.0 23723.0   2967.6     3000
read      468.9  1045.4    93.8   175.8   212.2   377.2   443.1   481.6   506.8   540.4   583.8   665.4  1007.6 16094.3 19540.1   5022.4     5000
read      529.3  1005.3    93.8   174.8   218.9   434.1   513.8   559.0   592.7   639.0   714.8   890.1  1508.5 15960.6 20013.7   7013.8     7000
read      537.9   984.3   101.3   180.8   226.0   465.3   551.8   593.4   625.0   663.7   718.6   818.0  1177.6 15940.3 19977.7   8967.8     9000
read      568.3   887.1    86.8   174.2   220.9   487.6   596.0   650.1   692.2   743.9   825.1   976.2  1451.2 15800.2 16872.5  11024.0    11000
read      616.7   943.0    80.4   179.5   229.8   526.4   645.1   703.3   745.0   804.2   912.5  1135.0  1725.6 15915.9 16951.9  12937.9    13000
read      629.4   906.7    93.8   178.7   238.9   548.0   678.2   740.1   784.9   839.4   917.0  1083.6  1665.8 15881.3 19646.3  15105.0    15000
Warning! Detected max cpu usage > 95%
CPU Usage Stats (avg/min/max): 96.79%,91.62%,100.00%




## 1 memcached thread; 14 mutilate threads; 1 free cores
#type       avg     std     min      p5     p10     p50     p67     p75     p80     p85     p90     p95     p99    p999   p9999     QPS   target
read      271.1   357.9    80.4   141.8   157.5   243.2   274.8   295.3   311.5   332.2   361.4   409.5   535.9  8371.7  8748.4   1026.6     1000
read      332.5   295.2    80.4   157.2   186.4   308.4   360.1   390.9   412.4   437.7   468.3   514.0   628.6  5440.8  8062.8   3048.4     3000
read      398.2   354.3   101.3   165.3   196.2   371.9   445.8   483.6   509.2   540.2   580.4   643.0   820.5  5869.9 10074.4   5002.6     5000
read      441.5   189.0   118.1   180.0   217.0   423.4   504.3   546.7   579.9   620.1   677.2   777.4  1027.8  1283.2  2412.5   6988.0     7000
read      568.9   441.1   109.4   176.7   218.4   548.6   680.5   745.6   792.2   845.8   912.3  1006.2  1195.7  7897.9 11848.2   9002.8     9000
read      586.4   385.5    86.8   181.0   228.6   543.5   681.0   762.7   825.0   896.6   984.3  1106.9  1367.2  5882.3  9626.2  10976.4    11000
read      547.1   282.2   109.4   185.5   234.6   517.8   637.0   695.2   736.1   785.8   855.1   994.7  1450.2  2403.7  6076.1  12878.4    13000
read      606.7   326.0   101.3   186.3   233.8   560.4   710.7   783.7   839.0   910.3  1015.3  1221.7  1624.0  2123.1  3220.1  14981.4    15000
Warning! Detected max cpu usage > 95%
CPU Usage Stats (avg/min/max): 99.14%,97.94%,100.00%

## 1 memcached thread; 15 mutilate threads; 0 free cores
#type       avg     std     min      p5     p10     p50     p67     p75     p80     p85     p90     p95     p99    p999   p9999     QPS   target
read      284.6    78.6   137.8   179.7   193.5   271.9   297.1   315.6   332.9   356.3   384.6   429.6   565.3   722.9   746.3   1005.4     1000
read      334.0   122.8   118.1   180.0   199.6   310.8   364.7   396.5   421.1   453.3   500.7   571.9   728.8   948.5  1183.8   3096.0     3000
read      397.5   160.9   118.1   182.9   210.8   374.9   445.1   491.0   523.3   561.1   609.0   688.2   883.7  1173.4  1754.8   4995.6     5000
read      466.1   273.9   109.4   183.5   235.2   444.9   525.2   567.1   597.7   635.9   691.6   804.5  1102.6  3096.0 10710.5   7049.2     7000
read      495.7   230.5    93.8   186.5   243.5   486.6   568.5   611.0   641.1   683.5   740.4   853.4  1134.0  1422.7  4867.6   8991.2     9000
read      537.3   254.1   101.3   195.8   251.4   517.6   618.7   670.6   708.4   754.0   825.0   978.8  1333.0  1673.5  2969.1  10963.2    11000
read      575.9   355.8    93.8   196.4   251.8   542.2   653.8   715.1   758.1   811.1   902.6  1098.1  1513.5  4717.9 12927.9  13159.6    13000
read      621.8   581.8    86.8   195.4   254.1   565.1   697.6   766.5   817.9   883.1  1004.7  1216.5  1710.9  5210.8 28686.0  15039.2    15000
Warning! Detected max cpu usage > 95%
CPU Usage Stats (avg/min/max): 98.45%,95.36%,100.00%

## 1 memcached thread; 16 mutilate threads; -1 free cores
#type       avg     std     min      p5     p10     p50     p67     p75     p80     p85     p90     p95     p99    p999   p9999     QPS   target
read      463.4  1468.4   101.3   179.6   197.6   282.9   319.2   342.9   363.8   391.4   438.4   580.1  7596.5 16151.8 17083.7   1005.8     1000
read      515.7  1479.4    93.8   175.5   200.1   324.4   387.8   428.0   459.4   505.2   582.5   790.1  7563.0 17082.6 20399.5   3017.8     3000
read      537.7  1277.6   101.3   174.8   207.0   376.9   455.1   501.9   540.8   593.7   675.5   853.0  4206.8 16762.6 19069.7   4980.4     5000
read      563.9  1131.2    86.8   170.5   210.5   419.1   504.5   558.0   601.0   668.6   780.5  1039.7  2674.9 14961.2 18757.6   6967.2     7000
read      602.4  1137.0    86.8   174.2   215.2   460.9   555.0   610.5   655.4   716.4   821.4  1054.4  3997.6 14905.6 18309.1   8912.6     9000
read      619.5  1058.7    93.8   171.0   216.2   494.6   603.1   664.5   711.5   777.6   885.1  1149.1  2716.9 14854.4 16039.9  11046.2    11000
read      658.8  1062.7   101.3   179.1   223.5   525.2   648.2   717.4   770.1   838.3   948.6  1210.0  4264.2 14835.4 15765.2  13109.4    13000
read      673.2  1084.7    86.8   181.4   226.3   536.9   669.4   738.9   790.0   857.0   971.2  1240.7  4328.2 14837.8 15987.8  15070.2    15000
Warning! Detected max cpu usage > 95%
CPU Usage Stats (avg/min/max): 85.65%,45.93%,100.00%




## On L0: 1 memcached thread; 9 mutilate threads; 4 threads ron; 16 threads 100% pinned to VM; 2 free core
#type       avg     std     min      p5     p10     p50     p67     p75     p80     p85     p90     p95     p99    p999   p9999     QPS   target
read      218.9   169.0    59.1   108.7   122.2   197.2   239.6   263.6   281.5   303.6   333.5   377.3   459.2  3264.1  6790.4    974.2     1000
read      258.8   163.5    54.7   111.6   135.0   234.3   287.1   320.7   344.8   375.5   408.6   461.4   568.9   807.1  5521.6   3023.0     3000
read      307.4   165.8    54.7   111.2   144.4   291.7   355.6   390.7   416.8   445.9   483.1   540.3   645.6   795.1  5844.7   4980.2     5000
read      359.3   310.2    50.7   116.7   157.9   338.4   407.3   443.6   468.7   500.1   541.8   612.7   799.3  5234.9  9392.2   6919.6     7000
read      353.8   197.6    50.7   114.2   151.3   337.3   407.0   449.8   482.3   520.6   570.1   638.7   765.6  2056.4  3441.1   9025.5     9000
read      414.0   211.4    54.7   122.7   167.4   400.4   487.5   535.7   571.6   613.6   664.7   740.6   912.9  1800.2  5779.2  10995.4    11000
read      426.9   201.1    50.7   125.3   169.8   422.7   512.0   559.9   593.5   630.9   676.1   740.5   884.4  1932.8  2909.2  13020.2    13000
read      441.6   214.1    50.7   123.1   167.3   440.8   536.1   593.5   627.8   663.7   703.4   760.4   897.8  1490.9  5324.0  14985.6    15000
Warning! Detected max cpu usage > 95%
CPU Usage Stats (avg/min/max): 99.48%,98.43%,100.00%


## On L0: 1 memcached thread; 9 mutilate threads; 4 threads ron; 16 threads 100% pinned to VM; 2 free core
#type       avg     std     min      p5     p10     p50     p67     p75     p80     p85     p90     p95     p99    p999   p9999     QPS   target
read      218.9   169.0    59.1   108.7   122.2   197.2   239.6   263.6   281.5   303.6   333.5   377.3   459.2  3264.1  6790.4    974.2     1000
read      258.8   163.5    54.7   111.6   135.0   234.3   287.1   320.7   344.8   375.5   408.6   461.4   568.9   807.1  5521.6   3023.0     3000
read      307.4   165.8    54.7   111.2   144.4   291.7   355.6   390.7   416.8   445.9   483.1   540.3   645.6   795.1  5844.7   4980.2     5000
read      359.3   310.2    50.7   116.7   157.9   338.4   407.3   443.6   468.7   500.1   541.8   612.7   799.3  5234.9  9392.2   6919.6     7000
read      353.8   197.6    50.7   114.2   151.3   337.3   407.0   449.8   482.3   520.6   570.1   638.7   765.6  2056.4  3441.1   9025.5     9000
read      414.0   211.4    54.7   122.7   167.4   400.4   487.5   535.7   571.6   613.6   664.7   740.6   912.9  1800.2  5779.2  10995.4    11000
read      426.9   201.1    50.7   125.3   169.8   422.7   512.0   559.9   593.5   630.9   676.1   740.5   884.4  1932.8  2909.2  13020.2    13000
read      441.6   214.1    50.7   123.1   167.3   440.8   536.1   593.5   627.8   663.7   703.4   760.4   897.8  1490.9  5324.0  14985.6    15000
Warning! Detected max cpu usage > 95%
CPU Usage Stats (avg/min/max): 99.48%,98.43%,100.00%

## On L1: 1 memcached thread; 14 mutilate threads; 1 free VM core (enough);; 14 busy threads; 2 free core
L1ubuntu@pc:~/shared_folder/kata_containers_benchmarks$ ./run_mutilate.sh 14
#type       avg     std     min      p5     p10     p50     p67     p75     p80     p85     p90     p95     p99    p999   p9999     QPS   target
read      246.4   143.2    74.4   132.1   147.7   232.1   265.3   283.8   296.6   313.8   337.0   375.5   540.1  3008.3  4273.4   1010.6     1000
read      310.1   416.7    74.4   145.1   172.1   286.2   327.2   347.0   364.4   384.2   408.8   447.1   537.7  6767.8 14647.7   2992.8     3000
read      346.1   183.4    80.4   155.6   191.8   339.3   388.6   414.2   432.0   454.3   482.3   528.6   643.9  1357.5  5346.1   4997.6     5000
read      379.0   139.1    74.4   161.0   197.2   374.9   438.4   469.7   493.2   519.9   554.0   611.4   732.6  1169.6  1374.5   6957.8     7000
read      449.9   232.7    80.4   164.6   197.9   426.8   520.9   571.5   609.7   655.7   719.3   827.6  1067.8  1328.1 10383.5   8983.8     9000
read      496.8   238.4   101.3   175.1   209.5   470.5   583.6   638.8   680.9   732.0   800.4   935.6  1211.8  1492.3  1846.0  11049.0    11000
read      657.5   347.3   101.3   169.8   222.6   628.8   806.8   914.0   977.4  1048.3  1135.0  1263.7  1517.9  1856.9  2147.3  13000.4    13000
read      633.8   635.2   101.3   180.5   232.6   556.9   703.4   786.0   864.3   963.5  1081.2  1246.6  1656.8 11124.1 24277.4  15011.2    15000
Warning! Detected max cpu usage > 95%
CPU Usage Stats (avg/min/max): 88.15%,54.53%,100.00%






#########################################

## Kata on L1
#type,avg,std,min,p5,p10,p50,p67,p75,p80,p85,p90,p95,p99,p999,p9999,QPS,target
read,381.0,140.5,173.5,245.3,272.3,363.3,400.7,424.6,441.7,463.8,496.3,547.1,703.8,914.9,4694.8,1030.5,1000
read,468.0,184.1,173.5,268.3,292.5,429.2,505.6,556.0,592.8,637.0,696.8,785.9,948.6,1266.5,3719.3,2020.5,2000
read,568.6,410.0,173.5,271.2,299.6,502.2,626.7,695.2,745.7,805.3,881.0,997.9,1233.6,7318.7,.0,3006.3,3000
read,676.6,300.6,160.7,291.7,328.2,629.2,785.4,868.0,927.9,1001.6,1094.7,1234.9,1494.2,1981.3,2533.8,4075.3,4000
read,769.1,375.8,160.7,296.5,343.6,719.9,898.2,994.8,1065.0,1147.0,1248.7,1396.2,1722.8,4087.3,5353.8,5032.5,5000
read,886.4,423.2,160.7,314.1,370.3,834.2,1050.7,1168.2,1251.2,1346.6,1472.3,1655.5,2004.9,2578.2,3797.4,6021.2,6000
read,969.1,480.6,160.7,327.2,391.6,913.0,1148.9,1277.5,1367.5,1488.1,1622.4,1807.9,2229.2,3381.0,5360.3,7054.7,7000
read,1031.6,505.1,160.7,333.9,403.7,974.5,1238.6,1380.9,1496.7,1601.9,1729.6,1938.2,2322.6,2762.0,3463.3,7898.7,8000
read,1101.8,550.9,160.7,339.0,415.9,1044.8,1326.7,1496.1,1594.8,1707.3,1849.0,2099.8,2522.3,2991.7,4228.7,8977.0,9000
CPU Usage Stats (avg/min/max): 49.10%,4.27%,75.38%


## docker on L1
#type,avg,std,min,p5,p10,p50,p67,p75,p80,p85,p90,p95,p99,p999,p9999,QPS,target
read,325.8,62.5,148.8,224.6,258.8,318.8,343.8,359.9,370.9,385.4,402.0,431.7,520.4,666.8,781.3,1028.8,1000
read,359.5,164.0,148.8,224.1,244.7,346.4,385.5,405.2,422.4,440.7,464.9,504.2,613.1,3537.5,3746.8,2026.7,2000
read,400.5,708.7,148.8,215.4,236.3,354.1,402.8,431.1,451.2,472.5,502.5,549.4,687.4,.8,.5,2960.0,3000
read,407.6,227.3,148.8,220.4,244.7,390.9,450.7,483.3,505.7,534.6,571.1,626.5,743.5,3306.8,7445.0,4007.0,4000
read,441.2,150.4,137.8,224.1,250.3,429.9,503.3,542.8,571.7,604.7,646.1,711.0,834.7,978.0,1122.6,4972.3,5000
read,627.8,1105.8,137.8,240.6,274.7,496.6,589.0,639.2,675.8,718.8,776.7,876.5,6008.8,.4,.8,6041.2,6000
read,600.6,813.3,137.8,242.5,281.3,529.7,633.9,688.1,728.4,775.7,836.5,930.2,1364.7,.0,.4,7062.5,7000
read,637.3,962.9,127.6,239.4,276.7,540.0,650.3,708.0,747.0,796.7,860.3,965.1,3174.9,.7,.0,8093.0,8000
read,585.5,471.9,137.8,235.0,271.4,551.1,670.6,731.2,773.8,822.2,880.5,976.5,1208.6,9374.6,.3,9044.7,9000
CPU Usage Stats (avg/min/max): 55.64%,15.09%,75.16%

## Docker on L0
#type,avg,std,min,p5,p10,p50,p67,p75,p80,p85,p90,p95,p99,p999,p9999,QPS,target
read,285.4,62.7,109.4,203.8,220.1,281.3,304.6,317.3,327.5,340.0,355.6,375.4,423.9,740.9,1471.7,1019.2,1000
read,310.7,66.2,101.3,202.5,225.4,309.6,338.8,355.0,367.1,380.7,397.1,423.2,475.0,548.5,620.8,2006.5,2000
read,370.9,93.0,109.4,215.6,250.1,371.3,410.5,431.7,447.8,465.7,490.6,527.8,598.8,734.9,869.0,3003.5,3000
read,403.7,109.3,109.4,217.6,264.6,402.2,449.5,473.4,492.6,513.0,543.3,588.1,679.0,838.7,998.8,4031.8,4000
read,453.4,130.3,118.1,226.3,283.7,453.0,507.0,538.2,560.5,587.0,622.6,673.3,768.7,926.6,1259.2,5083.2,5000
read,476.6,136.8,118.1,226.6,296.1,477.4,535.5,567.5,589.5,618.2,652.9,706.5,798.5,906.5,977.8,6023.0,6000
read,515.9,156.0,109.4,230.0,314.1,515.3,582.4,619.8,645.7,678.9,719.3,777.5,879.5,1011.1,1148.9,6995.8,7000
read,529.0,163.4,118.1,226.3,314.2,527.4,598.6,639.5,669.4,701.7,740.7,800.6,915.7,1014.0,1094.8,8117.5,8000
read,548.4,175.6,109.4,221.1,309.4,549.4,627.5,670.3,699.4,733.7,776.5,837.5,947.3,1077.7,1168.9,9106.2,9000
CPU Usage Stats (avg/min/max): 67.76%,42.99%,75.20%

## L1 Native
#type,avg,std,min,p5,p10,p50,p67,p75,p80,p85,p90,p95,p99,p999,p9999,QPS,target
read,266.2,57.5,127.6,170.8,192.5,264.1,288.2,301.7,313.0,326.1,343.6,370.6,413.6,466.3,503.9,1019.2,1000
read,270.7,63.1,127.6,172.9,190.1,266.5,295.4,312.2,323.7,338.0,355.7,383.1,436.3,499.7,542.9,2038.0,2000
read,295.2,75.5,127.6,178.7,198.4,289.9,325.1,344.6,359.8,375.9,397.3,430.2,495.1,564.5,626.0,2996.0,3000
read,323.8,91.1,127.6,185.3,208.0,316.6,361.0,384.7,400.9,421.1,445.6,486.2,564.9,667.1,739.7,4057.0,4000
read,339.3,104.4,127.6,183.9,203.5,331.6,384.3,411.7,431.3,455.1,484.1,525.9,599.9,685.9,744.4,5070.2,5000
read,379.6,205.3,127.6,194.5,221.1,365.6,425.6,456.6,478.5,507.1,542.1,593.1,691.5,861.2,7990.7,5993.0,6000
read,433.1,139.3,127.6,224.9,257.8,422.7,493.9,531.5,557.2,586.5,624.3,679.1,781.5,901.1,992.6,6990.0,7000
read,438.6,147.9,137.8,224.9,253.5,426.5,506.7,546.3,574.4,605.4,641.7,692.8,796.6,922.9,1174.8,8045.8,8000
read,457.0,158.6,137.8,226.7,258.9,443.8,530.8,573.8,603.0,635.2,675.4,734.3,849.4,980.8,1087.5,9242.2,9000
CPU Usage Stats (avg/min/max): 72.57%,66.81%,75.18%

## Kata on L0
#type,avg,std,min,p5,p10,p50,p67,p75,p80,p85,p90,p95,p99,p999,p9999,QPS,target
read,299.9,54.7,137.8,206.2,232.7,299.3,320.8,335.0,343.9,356.2,370.2,393.9,436.1,476.0,531.8,995.8,1000
read,299.7,72.2,127.6,172.4,192.4,304.0,333.0,347.7,360.0,372.3,391.0,418.5,469.7,532.1,620.8,2002.7,2000
read,318.8,92.0,127.6,177.4,198.4,316.7,356.2,376.3,391.4,407.5,431.2,464.8,540.5,923.6,1457.8,3008.8,3000
read,360.3,94.1,137.8,202.7,230.3,359.8,403.1,426.3,442.0,460.6,483.7,517.7,586.5,660.8,732.2,4019.0,4000
read,343.3,101.0,127.6,184.9,207.9,341.2,386.7,411.0,428.7,449.9,475.4,516.5,592.6,746.6,802.7,5028.0,5000
read,403.0,126.8,137.8,211.9,244.8,394.1,449.5,478.4,500.6,528.8,565.8,627.8,780.2,931.7,1107.6,6117.8,6000
read,430.0,153.2,127.6,196.4,222.9,427.1,496.1,537.1,566.7,598.3,635.4,691.2,802.4,933.6,1011.8,7046.7,7000
read,459.4,157.9,137.8,205.5,236.9,460.7,531.8,570.5,595.8,626.5,664.1,719.1,825.8,935.0,1013.1,8056.3,8000
read,603.4,188.6,137.8,243.2,295.2,628.7,697.1,732.9,757.7,789.0,827.3,882.2,1000.9,1142.3,1240.2,9112.2,9000
CPU Usage Stats (avg/min/max): 74.48%,72.36%,75.23%

## L0 Native
#type,avg,std,min,p5,p10,p50,p67,p75,p80,p85,p90,p95,p99,p999,p9999,QPS,target
read,229.5,44.3,109.4,161.2,173.6,225.4,244.9,256.1,265.4,274.7,289.3,311.0,350.4,417.3,455.7,1027.7,1000
read,260.0,57.7,101.3,171.1,188.9,255.9,282.5,296.2,307.6,319.5,335.6,359.0,409.1,536.8,815.3,2008.8,2000
read,308.0,77.8,101.3,194.1,220.3,304.9,335.4,351.7,364.5,378.6,397.7,427.4,487.8,587.7,2136.9,3052.5,3000
read,304.5,76.8,101.3,179.2,209.8,302.4,334.1,350.9,364.3,379.1,398.6,430.2,501.8,679.5,1344.7,4020.5,4000
read,322.0,111.0,101.3,176.7,218.3,317.4,353.5,373.5,389.2,405.4,428.7,463.6,532.2,624.1,4003.6,4976.5,5000
read,339.3,97.1,101.3,174.0,219.3,336.1,376.9,400.2,417.7,436.6,463.2,501.7,577.9,697.3,1396.7,6046.0,6000
read,360.3,106.6,101.3,178.0,225.1,355.7,403.0,429.1,448.5,470.6,501.0,544.8,626.8,739.4,899.1,7061.3,7000
read,397.6,122.6,93.8,184.7,241.6,392.4,448.7,479.7,503.1,530.1,561.7,608.2,692.1,790.2,880.0,8065.7,8000
read,417.2,134.0,93.8,186.4,248.8,410.3,470.6,505.5,531.2,560.2,596.3,648.5,746.0,867.3,998.1,9062.5,9000
CPU Usage Stats (avg/min/max): 71.69%,61.06%,75.31%